Disk radius 0.128 m, TANGENTIAL_SIGN +1, rotations valid (det=+1)
  Sensor1 (CS 8): DEVID=0xE5 OK
  Sensor2 (CS 7): DEVID=0xE5 OK
  Sensor3 (CS 5): DEVID=0xE5 OK
  Sensor4 (CS 6): DEVID=0xE5 OK
  calibration: loaded from disk_calib.json
  orientation: measured per board

  t(s)     alpha_x   alpha_y   alpha_z   |wz|    resid
    0.00    -1.159    -1.273    -3.582   1.352   0.058
    0.02    +0.855    -3.119    -0.170   1.460   0.040
    0.05    +0.137    -2.148    +9.320   1.431   0.079
    0.07    -0.455    -0.407    +3.154   1.239   0.075
    0.09    -1.205    +4.291    -4.848   1.149   0.103
    0.11    -1.558    +0.894    -6.384   1.302   0.178
    0.13    -0.871    -0.980    -1.612   1.467   0.017
    0.15    +1.585    -3.517    +7.007   1.448   0.015
    0.18    +0.394    -2.373    +6.202   1.155   0.071
    0.20    +0.225    -0.167    +1.287   1.009   0.043
    0.22    -1.983    +3.457    -7.651   1.126   0.066
    0.24    -1.836    +1.880    -4.243   1.239   0.052
    0.26    -0.889    -0.760    +0.666   1.357   0.109
    0.29    +0.952    -3.108    +8.996   1.296   0.044
    0.31    +1.015    -1.755    +4.784   0.982   0.066
    0.33    -0.500    +0.729    -4.915   0.912   0.084
    0.35    -0.801    +1.520    -3.533   1.228   0.030
    0.37    -2.425    +1.492    -1.567   1.173   0.038
    0.40    +0.013    -0.457    +0.607   1.308   0.059
    0.42    +0.238    -2.055    +7.674   1.033   0.058
    0.44    +0.434    -2.468    +7.504   0.992   0.052
    0.46    +0.252    -0.226    -1.197   0.933   0.057
    0.48    -1.707    +1.685    -8.595   0.826   0.051
    0.51    -1.075    +0.763    -2.337   1.215   0.061
    0.53    -1.136    +0.020    -0.967   1.102   0.038
    0.55    +0.819    -0.647    +7.523   1.119   0.105
    0.57    -0.234    -2.370    +7.941   0.887   0.108
    0.59    +0.986    +0.217    +0.149   0.805   0.020
    0.61    -1.720    +0.374    -1.097   0.734   0.058
    0.64    -1.588    +1.360    -6.498   0.873   0.049
    0.66    -0.940    +0.287    -2.258   0.947   0.040
    0.68    +0.947    -1.413    -4.289   0.940   0.061
    0.70    +1.117    -0.547    +6.798   1.067   0.086
    0.72    -1.430    -1.489    +7.397   0.886   0.059
    0.75    +0.160    +1.243    +2.510   0.698   0.052
    0.77    -2.243    +0.257    +0.060   0.576   0.050
    0.79    -1.270    +0.704    -7.904   0.837   0.083
    0.81    -0.392    -1.371    -2.258   0.834   0.049
    0.83    +2.046    -0.200    -4.504   0.930   0.040
    0.85    -0.148    +0.476    +1.102   1.100   0.025
    0.88    +0.160    +0.135    +6.529   1.013   0.035
    0.90    -2.457    +0.357    +7.255   0.822   0.048
    0.92    -1.671    -0.251    +3.591   0.616   0.060
    0.94    -1.699    -0.159    -2.424   0.382   0.039
    0.96    -0.969    -0.850    -6.745   0.623   0.055
    0.99    +1.741    -0.083    -5.303   0.946   0.076
    1.01    +0.333    +0.253    -1.077   1.074   0.051
    1.03    +0.966    +0.640    +1.396   1.092   0.036
    1.05    -2.885    -0.428    +7.574   0.930   0.056
    1.07    -0.026    -1.190    +0.858   0.834   0.056
    1.10    -2.993    -0.633    +1.385   0.674   0.056
    1.12    -0.762    -0.593    -5.654   0.753   0.085
    1.14    +1.966    +0.364    -6.158   1.084   0.081
    1.16    -0.927    +1.066    -5.844   1.073   0.025
    1.18    +1.880    -0.211    +0.717   1.205   0.116
    1.20    -3.162    -0.294    +8.321   1.019   0.084
    1.23    +0.042    -1.630    +4.247   0.834   0.063
    1.25    -4.081    -0.784    -0.222   0.698   0.091
    1.27    -0.042    +0.158    -8.372   0.871   0.035
    1.29    -0.280    +0.319    -4.791   1.065   0.045
    1.31    +1.741    +0.661    -4.026   1.236   0.052
    1.34    +1.779    +0.216    +0.156   1.312   0.061
    1.36    -0.289    -0.837    +6.414   1.184   0.056
    1.38    -2.056    -0.765    +1.598   0.999   0.126
    1.40    -3.045    -0.125    -3.985   1.038   0.053
    1.42    +0.163    +0.469    -7.780   1.181   0.076
    1.45    +0.604    -0.229    -0.965   1.289   0.036
    1.47    +1.802    -0.030    +1.094   1.406   0.085
    1.49    -1.604    -0.121    +4.401   1.145   0.044
    1.52    +0.024    +0.415    +2.017   1.138   0.054
    1.54    -3.173    +0.331    -5.777   0.923   0.087
    1.56    +0.202    -0.602    -4.640   1.224   0.027
    1.59    -0.509    +0.307    -1.171   1.300   0.042
    1.61    +2.292    -0.621    +5.195   1.384   0.035
    1.64    -0.736    +0.988    +2.861   1.080   0.097
    1.66    -1.705    +0.535    -5.542   1.191   0.034
    1.68    -2.179    -0.416    -3.702   1.233   0.041
    1.71    -1.086    -1.163    -2.277   1.341   0.019
    1.73    +0.565    -0.450    +3.874   1.431   0.053
    1.76    -0.747    -0.378    +6.935   1.235   0.046
    1.78    +0.257    +1.442    -1.639   1.247   0.047
    1.80    -1.539    -0.413    -5.957   1.315   0.044
    1.83    -0.885    -1.167    -3.802   1.356   0.033
    1.85    +0.993    -1.501    +4.049   1.488   0.094
    1.87    -1.117    +0.142    +3.678   1.268   0.051
    1.90    -0.038    +0.738    +1.684   1.080   0.082
    1.92    -1.241    +1.195    -5.867   1.234   0.042
    1.95    -0.001    -1.318    -4.538   1.370   0.063
    1.97    +0.539    -2.551    +5.810   1.420   0.038
    1.99    +0.066    -0.142    +5.044   1.289   0.032
    2.02    -0.854    +0.808    -0.362   1.086   0.064
    2.04    -1.709    +1.543    -5.202   1.124   0.044
    2.07    +0.145    -0.821    -2.899   1.246   0.047
    2.09    +0.362    -1.425    -0.754   1.309   0.051
    2.11    +1.260    -1.289   +10.163   1.377   0.059
    2.14    -2.290    +0.843    +2.602   1.042   0.038
    2.16    -0.865    +0.908    -2.483   1.010   0.059
    2.18    -1.087    +0.370    -4.167   1.167   0.082
    2.21    +0.715    -1.292    -4.148   1.212   0.035
    2.23    +1.292    -1.736    +6.303   1.336   0.081
    2.26    -1.928    +0.715    +3.771   1.026   0.070
    2.28    -1.525    +0.897    +1.009   1.033   0.073
    2.30    -2.355    +0.670    -6.923   1.042   0.081
    2.33    +0.187    -0.769    -6.319   1.271   0.042
    2.35    +1.922    -2.666    +3.414   1.407   0.127
    2.38    -0.098    -0.468    +8.221   1.353   0.028
    2.40    -1.249    +2.108    +3.690   0.918   0.065
    2.42    -2.081    +1.175    -5.376   0.942   0.057
    2.45    -1.037    -0.362    -6.011   1.073   0.051
    2.47    +0.985    -1.874    -4.318   1.229   0.082
    2.49    +1.372    -0.552    +2.130   1.369   0.058
    2.52    -0.181    -0.006    +9.413   1.233   0.042
    2.54    -2.804    +1.970    +1.703   0.948   0.052
    2.56    -3.301    +0.330    -6.220   1.034   0.094
    2.59    +0.181    -1.878    -6.231   1.242   0.034
    2.61    +0.892    -2.351    -2.380   1.203   0.039
    2.64    +1.745    +0.010    +7.023   1.380   0.095
    2.66    -2.813    +0.883    +5.369   0.961   0.081
    2.68    -1.613    +2.886    +3.785   0.778   0.054
    2.71    -4.188    -1.517    -7.457   0.711   0.094
    2.73    +2.626    +0.291    -5.229   1.098   0.046
    2.75    +1.354    -2.771    -3.485   1.200   0.089
    2.78    +1.401    +2.554    +7.808   1.287   0.057
    2.80    -3.006    -0.142    +5.376   1.063   0.075
    2.83    -2.395    -0.353    +0.344   0.825   0.130
    2.85    -2.235    -0.249    -7.600   0.663   0.080
    2.87    +3.145    -2.211    -3.514   1.105   0.059
    2.90    +1.149    -1.255    -2.551   1.289   0.045
    2.92    +0.530    +2.746    +2.859   1.302   0.106
    2.95    -3.011    +0.592    +9.920   1.056   0.054
    2.97    -2.623    -0.189    +2.912   0.574   0.053
    2.99    -1.579    -1.455    -4.987   0.693   0.135
    3.02    +3.252    -1.717    -7.065   1.017   0.092
    3.04    +0.116    +0.481    -2.024   1.192   0.028
    3.06    +2.352    +0.376    -0.574   1.244   0.075
    3.09    -4.897    +0.491    +8.463   1.001   0.107
    3.11    -0.851    +0.039    +2.054   0.605   0.045
    3.14    -3.450    -2.516    +1.711   0.547   0.043
    3.16    +0.329    +1.166    -5.757   0.766   0.114
    3.18    +0.320    +0.952    -5.118   0.933   0.040
    3.21    +2.748    +1.056    -4.537   1.241   0.035
    3.23    -2.228    +0.239    +6.796   1.033   0.094
    3.25    -0.582    -0.699    +4.780   0.972   0.029
    3.28    -3.350    -1.546    +0.812   0.529   0.048
    3.30    +0.774    +0.842    -5.727   0.818   0.074
    3.33    +0.901    +0.053    -6.690   1.046   0.040
    3.35    +1.258    +1.943    -3.333   1.218   0.048
    3.38    -0.318    -0.967    +4.853   1.227   0.052
    3.40    -3.411    -1.390    +9.817   0.928   0.092
    3.43    -1.316    -0.613    +0.498   0.841   0.070
    3.45    -3.588    +0.587    -7.786   0.751   0.103
    3.47    +3.010    +0.213    -5.904   1.196   0.086
    3.49    +0.301    -0.199    -4.882   1.179   0.089
    3.52    +3.600    +0.553    +4.906   1.338   0.110
    3.54    -3.441    -1.176    +4.534   1.074   0.058
    3.56    -0.748    +0.074    +3.572   1.056   0.039
    3.58    -4.375    +0.200    -6.964   0.957   0.071
    3.60    -0.010    -0.208    -5.792   1.144   0.026
    3.63    +0.640    +0.381    -3.420   1.362   0.066
    3.65    +3.123    -1.210    +5.085   1.394   0.054
    3.67    -0.686    -0.224    +8.462   1.154   0.039
    3.69    -0.789    +0.060    +1.985   0.943   0.066
    3.71    -4.061    -0.554    -6.641   0.844   0.066
    3.74    -0.434    -0.030    -7.027   1.224   0.053
    3.76    -1.047    -0.801    -3.209   1.372   0.012
    3.78    +2.681    -0.818    +4.664   1.358   0.121
    3.80    -1.546    +0.161    +7.315   1.093   0.039
    3.82    +1.178    +0.954    +2.046   1.021   0.031
    3.85    -4.880    +1.281    -6.328   0.898   0.053
    3.87    -0.135    -0.616    -5.379   1.119   0.061
    3.89    -2.152    -1.706    -2.306   1.206   0.053
    3.91    +1.768    -1.072    +5.592   1.337   0.035
    3.93    -0.833    +0.678    +6.688   1.133   0.046
    3.96    -0.118    +1.288    +4.469   0.930   0.098
    3.98    -3.028    +1.614    -8.036   0.803   0.035
    4.00    +0.097    -0.499    -6.458   1.079   0.061
    4.02    -1.946    -1.727    -2.088   1.172   0.047
    4.04    +1.493    -1.417    +0.272   1.252   0.055
    4.06    +0.200    -0.265    +8.679   1.129   0.026
    4.09    -0.705    +1.280    +3.660   0.876   0.089
    4.11    -1.446    +1.233    -2.949   0.785   0.075
    4.13    -1.760    -0.716    -6.402   0.993   0.042
    4.15    +0.151    -2.588    -2.622   1.156   0.053
    4.17    +0.593    -1.045    -1.021   1.226   0.039
    4.20    +0.782    -0.017    +7.751   1.141   0.060
    4.22    -2.555    +1.426    +6.049   1.064   0.088
    4.24    +0.474    +1.026    +1.613   0.884   0.026
    4.26    -2.819    +0.136    -5.409   0.638   0.015
    4.28    +1.152    -1.751    -6.427   0.992   0.034
    4.31    -0.962    -1.502    -4.314   1.146   0.032
    4.33    +0.786    -0.035    -0.315   1.166   0.029
    4.35    -1.260    +1.430    +6.140   1.091   0.072
    4.37    -1.605    +1.083    +5.900   0.972   0.047
    4.39    -0.941    +0.018    -0.760   0.701   0.037
    4.41    -2.010    -0.896    -5.667   0.683   0.041
    4.44    +0.881    -1.509    -5.758   0.998   0.040
    4.46    -0.048    -0.559    -2.804   1.117   0.021
    4.48    +0.906    +0.664    +0.595   1.085   0.009
    4.50    -0.565    +1.200    +7.515   1.112   0.051
    4.52    -2.310    +0.676    +4.210   0.782   0.079
    4.55    -0.412    -0.297    -1.783   0.627   0.072
    4.57    -2.440    -0.939    -8.935   0.796   0.073
    4.59    +1.085    -1.455    -3.644   1.127   0.071
    4.61    -0.951    +0.534    -3.049   1.089   0.024
    4.63    +1.918    +1.280    +5.714   1.236   0.059
    4.66    -3.237    -0.028    +6.719   1.004   0.066
    4.68    -0.060    +1.051    +2.856   0.756   0.047
    4.70    -2.096    -0.960    -4.588   0.836   0.076
    4.72    -1.149    -0.729    -6.607   0.977   0.048
    4.74    +0.561    -1.107    -4.877   1.151   0.032
    4.76    +0.189    -0.294    +0.044   1.272   0.087
    4.79    +0.123    +1.353    +7.250   1.164   0.049
    4.81    -2.149    +1.143    +3.362   0.935   0.049
    4.83    -1.330    -0.081    -6.948   0.980   0.064
    4.85    -2.345    -0.773    -7.274   1.160   0.040
    4.87    -0.236    -2.073    -4.781   1.305   0.031
    4.90    +0.648    -1.001    +2.698   1.337   0.036
    4.92    +0.549    -0.205    +9.206   1.242   0.047
    4.94    -1.566    +2.020    +1.285   1.170   0.089
    4.96    -1.519    +2.011    -7.280   0.969   0.033
    4.98    -1.309    -0.399    -6.819   1.247   0.047
    5.01    +0.253    -1.757    -2.944   1.376   0.037
    5.03    +0.929    -2.755    +3.545   1.428   0.093
    5.05    -0.134    -1.160    +8.948   1.122   0.089
    5.07    -1.193    +2.670    -0.913   1.106   0.060
    5.09    -1.981    +1.927    -9.986   1.186   0.045
    5.11    -1.424    +0.987    -2.169   1.384   0.089
    5.14    +0.494    -3.093    +2.145   1.518   0.059
    5.16    +1.293    -2.225    +9.049   1.311   0.046
    5.18    -0.512    -1.721    +2.667   1.084   0.052
    5.20    -0.911    +2.500    -3.682   1.143   0.094
    5.22    -2.021    +1.990    -6.417   1.239   0.067
    5.25    -1.828    +1.305    -3.238   1.177   0.064
    5.27    +0.432    -2.252    +6.417   1.365   0.099
    5.29    +0.114    -1.938    +7.167   1.199   0.067
    5.31    +0.715    -0.975    -1.132   0.972   0.123
    5.33    -1.789    +2.266    -6.032   1.086   0.037
    5.36    -2.325    +1.821    -1.485   1.208   0.023
    5.38    -1.067    -0.040    +0.044   1.221   0.038
    5.40    -0.406    -0.568    +4.613   1.128   0.061
    5.42    +0.523    -3.221    +8.998   1.129   0.033
    5.44    -0.341    -0.322    +2.877   0.935   0.033
    5.46    -0.342    +0.409    -4.433   0.870   0.030
    5.49    -0.957    +2.188    -7.641   1.037   0.085
    5.51    -2.355    +0.299    -0.231   1.069   0.028
    5.53    +0.399    -1.292    +1.673   1.160   0.048
    5.55    +1.076    -1.667   +10.310   1.080   0.039
    5.57    -0.783    -1.198    +2.765   0.770   0.039
    5.60    -0.100    +2.055    +1.754   0.738   0.029
    5.62    -2.777    -0.220    -3.896   0.784   0.055
    5.64    -0.106    +1.213    -3.665   1.005   0.050
    5.66    -1.682    -0.912    -3.692   0.950   0.063
    5.68    +1.543    -0.551    -1.336   1.045   0.107
    5.71    -0.960    -1.022   +10.192   1.004   0.044
    5.73    +0.362    -0.985    +3.431   0.928   0.049
    5.75    -1.957    +1.288    +2.068   0.701   0.055
    5.77    -2.319    -0.060    -5.696   0.685   0.077
    5.79    +0.253    +0.391    -4.866   0.779   0.060
    5.81    -0.639    -1.817    -3.067   0.677   0.057
    5.84    +2.151    +0.091    -2.892   1.064   0.048
    5.86    -0.810    +0.544    +1.827   1.066   0.052
    5.88    -0.167    +0.798    +6.927   0.902   0.059
    5.90    -3.072    -0.649    +7.354   0.718   0.074
    5.92    -0.843    +0.399    +0.515   0.391   0.089
    5.95    -1.644    -1.264    -4.800   0.538   0.026
    5.97    +0.845    -0.262    -8.796   0.695   0.057
    5.99    +0.860    +0.137    -3.613   0.879   0.050
    6.01    +0.932    +1.267    -1.976   1.075   0.039
    6.03    +0.168    +0.867    +3.510   1.166   0.046
    6.05    -3.193    -0.691    +6.917   0.903   0.078
    6.08    -0.207    -0.389    +0.392   0.749   0.040
    6.10    -2.773    -1.075    -0.440   0.692   0.068
    6.12    +0.176    -0.019    -7.784   0.776   0.044
    6.14    +0.353    +0.413    -2.960   0.981   0.040
    6.16    +0.765    +1.108    -6.262   1.104   0.062
    6.19    +0.210    +0.069    +5.362   1.220   0.113
    6.21    -2.408    -1.428    +6.590   0.852   0.105
    6.23    -1.193    -0.867    +3.707   0.876   0.058
    6.25    -3.910    -0.419    -2.833   0.656   0.088
    6.27    +1.349    +0.483    -6.591   0.816   0.060
    6.30    -0.626    +0.346    -4.852   1.000   0.036
    6.32    +2.762    +0.852    -3.942   1.199   0.050
    6.34    +0.066    +0.410    +0.300   1.297   0.047
    6.36    -1.118    -0.751    +6.327   1.074   0.047
    6.38    -2.957    -0.162    +1.325   0.866   0.074
    6.40    -2.169    +0.146    -3.596   1.074   0.062
    6.43    -1.225    +0.539    -8.654   1.032   0.040
    6.45    +1.491    -0.738    -1.709   1.314   0.059
    6.47    +2.219    -0.271    +1.231   1.401   0.079
    6.49    -0.110    -0.880    +7.493   1.207   0.052
    6.51    -0.995    +0.406    +1.804   1.232   0.057
    6.54    -3.277    -0.403    -2.470   0.997   0.072
    6.56    -1.185    +0.231    -7.152   1.082   0.031
    6.58    -0.360    -1.188    -4.867   1.275   0.048
    6.61    +2.010    -0.497    +3.541   1.387   0.082
    6.63    +0.758    +0.165    +4.431   1.359   0.057
    6.66    -1.713    +0.676    -4.077   1.142   0.049
    6.68    -2.481    +0.062    -3.896   1.167   0.033
    6.70    -0.932    -1.148    -2.423   1.281   0.019
    6.73    -0.410    -0.579    -1.730   1.411   0.037
    6.75    +1.320    -0.321    +7.676   1.413   0.084
    6.77    -1.377    +0.430    +1.805   1.230   0.082
    6.79    -0.609    +0.483    -5.624   1.161   0.073
    6.81    -0.964    -0.205    -3.911   1.382   0.028
    6.84    -0.767    -1.323    -3.521   1.340   0.038
    6.86    +0.814    -1.611    +5.779   1.424   0.038
    6.88    -1.575    -0.048    +3.678   1.187   0.064
    6.90    +0.648    +0.636    +2.608   1.285   0.082
    6.92    -2.998    +1.989    -5.976   1.080   0.040
    6.95    +0.310    -1.089    -4.221   1.249   0.021
    6.97    -0.508    +0.074    +0.781   1.354   0.126
    6.99    -0.798    -2.435    +5.743   1.268   0.060
    7.01    -1.290    +0.863    +3.501   1.077   0.084
    7.03    -1.566    +2.318    -2.842   1.144   0.033
    7.06    -1.679    +0.154    -5.846   1.172   0.060
    7.08    +0.324    -0.686    -2.745   1.279   0.044
    7.10    -0.235    -2.228    -1.002   1.312   0.055
    7.12    +1.259    -0.486    +8.971   1.309   0.041
    7.14    -2.570    -0.310    +4.089   1.034   0.105
    7.16    -1.049    +1.828    -1.188   1.060   0.109
    7.19    -1.681    +0.785    -7.706   1.017   0.064
    7.21    +1.897    -1.488    -3.855   1.220   0.023
    7.23    +0.507    -1.107    +0.877   1.330   0.077
    7.25    +0.981    -0.789    +8.801   1.331   0.051
    7.27    -2.753    +1.266    +4.155   1.054   0.031
    7.30    -1.418    +1.295    +0.368   1.042   0.099
    7.32    -0.335    +0.122    -6.059   1.050   0.036
    7.34    +0.392    -1.681    -6.203   1.144   0.038
    7.36    +1.816    -2.339    +2.996   1.404   0.095
    7.38    +0.045    -0.103    +7.308   1.282   0.042
    7.41    -2.023    +0.973    +5.953   1.142   0.045
    7.43    -2.168    +2.033    -1.119   0.974   0.080
    7.45    -1.728    -0.538    -5.806   0.880   0.055
    7.47    +0.685    -1.553    -5.536   1.149   0.089
    7.49    +1.609    -1.505    -2.190   1.245   0.042
    7.52    +1.216    +0.215    +7.757   1.327   0.064
    7.54    -3.706    +0.766    +7.398   1.035   0.087
    7.56    -0.987    +1.350    +0.231   0.975   0.060
    7.58    -3.816    +0.150    -6.808   0.972   0.083
    7.60    +0.792    -1.563    -3.577   1.161   0.103
    7.62    +0.702    -2.451    -1.947   1.269   0.049
    7.65    +1.798    +0.109    +6.320   1.294   0.095
    7.67    -2.326    +1.138    +5.321   1.016   0.104
    7.69    -1.934    +2.630    +2.892   0.991   0.064
    7.71    -3.044    -0.598    -5.526   0.695   0.114
    7.73    +1.155    -1.369    -6.192   0.969   0.075
    7.76    +1.063    -2.357    -5.501   1.222   0.039
    7.78    +1.725    +0.888    +4.606   1.423   0.069
    7.80    -1.079    +0.986    +7.779   1.143   0.033
    7.82    -3.022    +1.734    +7.000   0.956   0.057
    7.84    -2.444    +0.279    -2.355   0.860   0.106
    7.86    -0.704    -2.012    -6.024   0.960   0.055
    7.89    +2.242    -2.083    -4.389   1.248   0.031
    7.91    +0.480    -0.873    -1.593   1.288   0.079
    7.93    +0.721    +2.455    +2.702   1.222   0.058
    7.95    -3.462    +1.647    +9.326   0.966   0.070
    7.97    -3.289    -0.082    +5.452   0.940   0.073
    8.00    -1.460    -0.764    -2.478   0.543   0.065
    8.02    -1.055    -2.423    -8.786   0.657   0.052
    8.04    +3.714    +0.426    -3.461   1.175   0.081
    8.06    -0.954    +0.297    -4.369   1.126   0.057
    8.08    +2.153    +3.417    +3.485   1.264   0.081
    8.11    -5.062    -1.383    +7.496   1.083   0.068
    8.13    -0.422    -1.489    +2.055   0.740   0.060
    8.15    -3.259    -3.317    +1.025   0.418   0.122
    8.17    -0.272    -0.036    -6.842   0.804   0.050
    8.19    +0.556    +0.783    -5.049   1.034   0.074
    8.21    +2.236    +0.597    -4.488   1.130   0.046
    8.24    +0.634    +1.713    +6.746   1.251   0.064
    8.26    -2.871    -3.206    +4.807   0.833   0.047
    8.28    -2.086    +1.193    +5.236   0.730   0.063
    8.30    -2.741    -3.109    -3.826   0.502   0.090
    8.32    +1.361    +1.661    -5.164   0.904   0.068
    8.35    +0.888    +0.349    -6.383   1.156   0.058
    8.37    +1.858    +1.499    -3.063   1.174   0.050
    8.39    -0.272    -1.272    +3.237   1.210   0.053
    8.41    -2.220    -1.661   +10.256   1.002   0.042
    8.44    -1.738    -0.909    +1.055   0.795   0.055
    8.46    -4.274    +0.483    -5.133   0.843   0.064
    8.48    +3.590    +0.856    -6.079   1.240   0.040
    8.51    -0.446    -0.634    -4.480   1.192   0.031
    8.53    +3.242    -0.020    +4.276   1.402   0.077
    8.56    -3.328    -1.158    +4.833   0.971   0.068
    8.58    -2.135    +1.848    +1.763   0.836   0.101
    8.60    -3.470    -0.834    -8.821   1.068   0.095
    8.63    -0.875    +0.990    -5.877   1.223   0.038
    8.65    +2.633    -1.909    +2.528   1.403   0.098
    8.67    +0.415    +0.680    +8.079   1.215   0.036
    8.70    -0.958    -0.743    +4.582   1.024   0.114
    8.72    -3.807    +1.911    -5.056   0.870   0.044
    8.75    -0.731    -0.620    -6.907   1.104   0.067
    8.77    -1.189    -1.051    -3.720   1.273   0.053
    8.79    +3.164    -0.353    +4.412   1.409   0.085
    8.82    -1.094    -0.355    +7.223   1.177   0.052
    8.84    -0.781    +1.577    +1.276   1.058   0.098
    8.87    -4.760    +0.080    -9.073   0.898   0.032
    8.89    +0.776    -0.311    -4.199   1.288   0.042
    8.91    -0.497    -2.021    +2.216   1.261   0.121
    8.94    +0.705    -0.358    +7.818   1.214   0.040
    8.96    +0.072    +1.228    +7.522   1.059   0.038
    8.98    -1.701    +1.765    -4.920   0.840   0.117
    9.01    -0.364    -0.551    -7.487   1.088   0.029
    9.03    -1.801    -1.899    -1.875   1.117   0.042
    9.06    +1.215    -1.428    +0.642   1.246   0.097
    9.08    -1.325    +1.167    +9.469   1.141   0.023
    9.10    -0.672    +1.532    +2.872   0.952   0.064
    9.13    -1.255    +0.994    -5.443   0.799   0.049
    9.15    -0.164    -0.730    -3.776   1.098   0.070
    9.18    -0.838    -1.642    -3.304   1.215   0.042
    9.20    +0.753    -0.636    +3.224   1.252   0.128
    9.22    -2.343    +0.639    +7.922   1.019   0.086
    9.25    +0.040    +1.703    +2.377   0.890   0.092
    9.27    -2.982    +0.667    -5.603   0.583   0.037
    9.29    +0.358    -1.429    -6.997   1.048   0.049
    9.32    -0.969    -2.036    -3.248   1.130   0.056
    9.34    +1.327    -0.098    +3.107   1.211   0.064
    9.37    -1.594    +1.874    +6.744   1.116   0.042
    9.39    -0.262    +1.616    +3.688   0.933   0.103
    9.41    -2.257    -0.869    -2.909   0.754   0.052
    9.44    -1.070    -1.884    -6.801   0.915   0.032
    9.46    -0.061    -1.544    -3.438   1.073   0.056
    9.48    +0.446    +0.997    +0.532   1.232   0.065
    9.51    -0.997    +1.460    +7.672   1.132   0.051
    9.53    -0.378    +1.262    +2.875   0.938   0.096
    9.56    -1.310    -0.513    -2.522   0.659   0.043
    9.58    -1.686    -1.980    -9.282   1.069   0.067
    9.60    +0.645    -1.140    -3.623   1.202   0.064
    9.63    +0.770    +0.170    -0.084   1.300   0.050
    9.65    +0.068    +1.839    +8.644   1.189   0.036
    9.68    -1.407    +1.468    +3.598   0.868   0.068
    9.70    -1.451    -0.936    -2.835   0.587   0.049
    9.72    -0.963    -0.902    -8.787   0.952   0.085
    9.75    +1.588    -0.348    -4.830   1.276   0.050
    9.77    +0.746    +0.171    +2.683   1.320   0.075
    9.79    -0.073    +1.198    +7.737   1.216   0.020
    9.82    -2.019    +1.569    +2.721   1.043   0.081
    9.84    -1.488    -0.248    -7.023   0.984   0.070
    9.87    -1.284    -1.585    -6.505   1.226   0.053
    9.89    +0.403    -2.211    -2.150   1.369   0.106
    9.91    +0.752    -0.980    +6.546   1.367   0.077
    9.94    -1.114    +1.071    +5.623   1.160   0.064
    9.96    -1.675    +3.034    -5.931   1.079   0.039
    9.99    -1.191    -0.264    -6.961   1.387   0.039
   10.01    +0.217    -2.556    -2.833   1.494   0.056
   10.04    +1.531    -1.842    +6.355   1.524   0.096
   10.06    -1.242    +0.176    +3.813   1.286   0.093
   10.09    -1.416    +3.976    -5.727   1.091   0.087
   10.11    -1.864    +1.453    -6.027   1.349   0.090
   10.13    -1.336    +0.020    -1.197   1.440   0.030
   10.15    +1.132    -3.541    +5.104   1.458   0.077
   10.17    -0.511    -2.305    +5.096   1.162   0.095
   10.20    -0.299    +1.176    +0.176   1.160   0.017
   10.22    -2.263    +2.860    -7.037   1.187   0.037
   10.24    -1.998    +2.233    -4.086   1.331   0.029
   10.26    -0.730    -0.127    -0.336   1.405   0.052
   10.28    +0.315    -3.314    +8.613   1.432   0.045
   10.31    +0.590    -1.657    +5.586   1.061   0.050
   10.33    -0.226    +0.374    -2.179   0.949   0.071
   10.35    -1.411    +2.148    -6.045   1.218   0.076
   10.37    -2.417    +2.347    -2.256   1.133   0.043
   10.39    -0.567    -0.801    -0.059   1.233   0.058
   10.42    +0.371    -1.339    +5.873   1.302   0.072
   10.44    +0.383    -2.588    +8.884   0.985   0.051
   10.46    +0.105    +0.158    -0.220   0.845   0.048
   10.48    -1.904    +2.016    -7.999   0.898   0.058
   10.50    -0.768    +1.000    -4.707   1.210   0.061
   10.53    -2.197    +0.273    -0.158   1.104   0.026
   10.55    +0.685    -1.080    +2.047   1.146   0.096
   10.57    +0.248    -1.623    +9.653   1.111   0.019
   10.59    +0.079    -0.002    +1.075   0.884   0.036
   10.61    -1.648    +0.426    +0.286   0.902   0.060
   10.63    -2.156    +1.869    -5.457   0.824   0.047
   10.66    -0.538    -0.381    -1.413   0.909   0.034
   10.68    -0.982    -0.836    -5.651   1.007   0.033
   10.70    +1.486    -1.057    +3.222   1.052   0.062
   10.72    -1.248    -1.599    +9.224   0.830   0.076
   10.74    -0.476    +1.870    +2.392   0.916   0.046
   10.77    -2.819    +0.612    -1.156   0.723   0.087
   10.79    -0.322    +0.315    -8.147   0.671   0.027
   10.81    -0.925    -0.188    -2.123   0.810   0.033
   10.83    +0.823    -1.706    -4.875   0.989   0.033
   10.85    +0.922    +0.428    -0.409   1.062   0.042
   10.88    +0.061    +1.113    +5.131   1.109   0.064
   10.90    -1.426    +0.275    +7.836   0.966   0.046
   10.92    -2.274    -0.339    +3.071   0.717   0.061
   10.94    -1.697    -0.512    -3.381   0.565   0.061
   10.96    -0.647    -1.206    -7.324   0.656   0.046
   10.98    +1.288    -0.353    -5.464   0.873   0.059
   11.01    +0.210    -0.030    -1.378   1.007   0.028
   11.03    +1.108    +1.024    +0.120   1.165   0.069
   11.05    -2.011    +0.010    +7.465   0.972   0.069
   11.07    -1.984    -0.458    +1.686   0.772   0.058
   11.09    -1.955    -1.124    +1.517   0.604   0.066
   11.12    -0.288    -1.067    -7.534   0.720   0.105
   11.14    +0.935    +0.580    -4.047   0.946   0.068
   11.16    +0.092    +1.115    -6.268   1.108   0.043
   11.18    +1.869    +0.742    +3.019   1.254   0.071
   11.20    -3.279    -0.711    +9.098   0.998   0.042
   11.23    +0.790    -1.493    +3.754   0.890   0.039
   11.25    -4.992    -0.933    +1.362   0.516   0.045
   11.27    -1.712    -0.612    -7.832   0.682   0.039
   11.29    -0.611    +0.947    -5.335   1.076   0.059
   11.31    +2.328    +0.715    -4.090   1.200   0.041
   11.33    +0.719    +0.707    +0.538   1.251   0.026
   11.36    -0.491    -1.081    +6.248   1.153   0.051
   11.38    -3.421    -0.335    +3.345   1.029   0.040
   11.40    -1.581    -0.071    -2.808   0.976   0.039
   11.42    -2.677    +0.430    -8.887   1.133   0.038
   11.44    +1.303    +0.341    -2.100   1.296   0.029
   11.47    +1.874    +0.241    -0.715   1.365   0.074
   11.49    +1.253    -0.841    +7.087   1.296   0.066
   11.51    -0.701    +0.324    +1.074   1.136   0.043
   11.53    -2.803    -0.618    -1.753   1.038   0.076
   11.55    -2.752    +0.191    -8.468   1.165   0.059
   11.58    +0.192    -0.685    -5.218   1.264   0.037
   11.60    +0.343    -0.218    +2.965   1.378   0.103
   11.62    +1.079    -0.288    +5.202   1.395   0.036
   11.64    -0.321    +0.887    +1.981   1.178   0.079
   11.66    -1.859    +0.385    -5.327   1.174   0.057
   11.68    -1.596    +0.408    -4.028   1.322   0.029
   11.71    -1.365    -1.520    -1.636   1.294   0.028
   11.73    +0.440    -0.191    +1.490   1.395   0.077
   11.75    +0.157    -0.427    +8.092   1.282   0.045
   11.77    -0.307    +1.603    -0.386   1.193   0.051
   11.79    -1.026    +0.441    -6.708   1.194   0.050
   11.82    -0.929    -0.086    -2.657   1.312   0.040
   11.84    -0.753    -1.121    -1.332   1.425   0.052
   11.86    -0.421    -1.154    +7.038   1.342   0.051
   11.88    +0.353    +1.447    +2.659   1.313   0.061
   11.90    -1.863    +0.728    -0.812   1.130   0.054
   11.93    -0.303    +1.402    -4.972   1.199   0.045
   11.95    -0.553    -0.997    -5.381   1.192   0.026
   11.97    -0.051    -1.463    +2.732   1.445   0.073
   11.99    -0.952    -0.615    +4.599   1.104   0.058
   12.01    -1.167    +0.574    +1.956   1.134   0.088
   12.03    -1.270    +1.950    -4.232   1.148   0.034
   12.06    -1.544    +0.112    -5.925   1.282   0.042
   12.08    -0.227    -0.828    -2.682   1.235   0.020
   12.10    +1.307    -1.996    +2.427   1.446   0.099
   12.12    -0.261    -0.799   +11.332   1.284   0.033
   12.14    -2.782    +1.375    +3.138   1.152   0.054
   12.17    -2.700    +0.889    -4.944   0.995   0.096
   12.19    -0.460    +0.620    -4.661   1.236   0.077
   12.21    +0.949    -1.576    -4.378   1.318   0.049
   12.23    +0.935    -1.809    +4.843   1.278   0.086
   12.25    -1.022    +0.122    +4.908   1.180   0.055
   12.28    -1.710    +0.917    +4.572   1.066   0.056
   12.30    -3.099    +1.561    -5.359   1.027   0.084
   12.32    -0.448    -0.569    -5.574   0.991   0.047
   12.34    +0.246    -1.508    -3.153   1.295   0.063
   12.36    +2.068    -1.774    +7.317   1.378   0.043
   12.38    -0.563    -0.045    +7.014   1.150   0.060
   12.41    -1.600    +1.674    +4.323   0.999   0.078
   12.43    -2.686    +1.517    -4.844   0.863   0.043
   12.45    -1.019    -0.697    -5.802   0.938   0.047
   12.47    +1.143    -1.950    -3.883   1.170   0.052
   12.49    +1.078    -0.417    +0.553   1.317   0.075
   12.52    -0.168    +0.002    +9.420   1.215   0.033
   12.54    -3.694    +1.641    +4.534   0.884   0.097
   12.56    -0.927    +1.628    -1.422   0.783   0.057
   12.58    -4.089    -0.514    -9.233   0.958   0.052
   12.60    +2.471    -1.077    -2.606   1.236   0.068
   12.63    -0.039    -2.527    -2.391   1.286   0.059
   12.65    +1.349    +1.700    +8.052   1.380   0.105
   12.67    -3.414    +0.590    +5.267   1.115   0.039
   12.69    -1.177    +1.890    +3.736   0.939   0.064
   12.71    -4.265    -1.716    -4.850   0.758   0.107
   12.73    +2.499    -0.938    -6.305   1.033   0.068
   12.76    +1.084    -1.384    -6.102   1.227   0.048
   12.78    +1.969    +1.760    +2.772   1.329   0.092
   12.80    -0.659    +1.727    +7.890   1.184   0.040
   12.82    -3.755    +0.915    +6.012   0.850   0.047
   12.84    -2.257    -0.154    +0.229   0.667   0.110
   12.87    +0.369    -1.857    -7.166   0.782   0.089
   12.89    +2.518    -1.496    -4.144   1.185   0.050
   12.91    +0.856    -0.860    -3.256   1.226   0.066
   12.93    +0.469    +2.507    +0.451   1.257   0.047
   12.95    -2.510    +0.894    +7.478   1.081   0.058
   12.97    -2.715    -1.521    +9.530   0.959   0.077
   13.00    -1.650    -1.062    -0.395   0.677   0.057
   13.02    -1.926    -1.863    -5.935   0.521   0.079
   13.04    +3.079    +0.386    -5.285   1.100   0.059
   13.06    -0.655    +1.427    -2.412   1.155   0.048
   13.08    +2.318    +1.039    -0.266   1.296   0.070
   13.11    -3.372    +1.060    +9.230   1.119   0.053
   13.13    -1.898    -3.248    +2.769   0.835   0.055
   13.15    -2.498    -0.820    +3.169   0.490   0.130
   13.17    -2.745    -1.681    -5.719   0.744   0.092
   13.19    +2.891    +1.624    -4.647   1.089   0.050
   13.22    +1.590    -0.639    -6.510   1.230   0.060
   13.24    +1.691    +2.317    +5.904   1.194   0.066
   13.26    -3.337    -3.098    +5.392   0.888   0.059
   13.29    -3.270    +0.610    +2.879   0.664   0.060
   13.32    -3.224    -1.029    -6.864   0.784   0.090
   13.34    +1.829    +1.665    -6.256   1.085   0.062
   13.36    +0.868    -0.584    -3.532   1.248   0.037
   13.38    +1.768    +0.627    -0.352   1.283   0.033
   13.40    -1.883    -1.937    +8.056   1.161   0.079
   13.43    -3.614    -0.834    +7.095   0.949   0.100
   13.45    -2.028    -0.026    -1.881   0.796   0.034
   13.47    -3.940    +0.577    -9.114   0.873   0.050
   13.49    +3.294    +0.261    -3.625   1.195   0.078
   13.51    +0.753    -1.073    -4.492   1.285   0.045
   13.53    +2.336    -0.233    +5.643   1.285   0.118
   13.56    -2.818    -0.721    +5.080   0.903   0.076
   13.58    -3.302    +1.870    +0.518   0.854   0.040
   13.60    -3.901    -1.155    -8.844   0.964   0.059
   13.62    -0.331    +0.626    -5.680   1.225   0.046
   13.64    +0.948    -1.750    -1.332   1.388   0.051
   13.67    +3.326    +0.445    +5.911   1.288   0.051
   13.69    -0.839    -0.210    +8.387   1.179   0.024
   13.71    -1.132    +1.143    -0.132   0.935   0.097
   13.73    -4.223    -0.489    -6.268   0.939   0.039
   13.75    +0.518    -0.433    -5.509   1.159   0.073
   13.78    -0.443    -1.593    -2.575   1.415   0.050
   13.80    +2.787    -0.098    +7.698   1.327   0.054
   13.82    -1.844    +0.296    +6.448   1.147   0.039
   13.84    +0.880    +1.361    +1.337   1.117   0.047
   13.86    -5.315    +0.475    -8.045   0.784   0.073
   13.88    +0.597    -1.019    -3.435   1.351   0.055
   13.91    -1.945    -2.215    -0.076   1.338   0.046
   13.93    +2.329    -0.730    +6.560   1.356   0.047
   13.95    -1.283    +0.515    +6.972   1.103   0.049
   13.97    +0.118    +2.059    +2.261   0.925   0.104
   13.99    -3.029    +1.525    -7.672   0.858   0.082
   14.02    +0.223    -2.148    -4.930   1.198   0.112
   14.04    -1.630    -1.505    -1.557   1.190   0.045
   14.06    +1.765    -1.084    +3.999   1.253   0.059
   14.08    -1.475    +0.708    +9.529   1.023   0.052
   14.10    -0.382    +2.020    +2.464   0.914   0.068
   14.13    -1.583    +1.052    -4.710   1.011   0.072
   14.15    -0.309    -0.625    -4.936   1.122   0.057
   14.17    -0.536    -2.578    -2.919   1.187   0.044
   14.19    +0.468    -1.103    +1.093   1.272   0.077
   14.21    -0.102    +0.253    +9.650   1.134   0.040
   14.24    -0.877    +2.053    +4.645   0.882   0.067
   14.26    -1.155    +0.551    -1.169   0.893   0.086
   14.28    -2.050    -0.467    -7.041   0.907   0.049
   14.30    +1.012    -2.068    -5.344   1.113   0.063
   14.32    -1.745    -0.968    -2.256   1.147   0.041
   14.34    +1.138    +0.466    +4.219   1.213   0.045
   14.37    -1.944    +2.014    +7.395   1.144   0.055
   14.39    -1.142    +1.656    +4.404   0.883   0.066
   14.41    -1.801    -0.218    -2.363   0.660   0.053
   14.43    -0.779    -1.248    -5.751   0.879   0.033
   14.45    +0.860    -1.809    -4.676   1.150   0.068
   14.48    -0.508    +0.705    -2.020   1.171   0.060
   14.50    +0.719    +1.654    +3.623   1.195   0.089
   14.52    -2.909    +0.789    +7.338   0.999   0.055
   14.54    -0.344    +1.148    +1.194   0.831   0.045
   14.56    -1.672    -0.816    -5.231   0.656   0.084
   14.58    +1.156    -0.967    -6.675   1.134   0.062
   14.61    -0.523    -0.881    -2.970   1.263   0.073
   14.63    +0.646    -0.539    -0.845   1.265   0.065
   14.65    +0.956    +2.449    +8.461   1.236   0.040
   14.67    -2.612    +0.099    +5.124   1.060   0.038
   14.69    +0.686    +1.045    +0.757   0.805   0.030
   14.72    -2.807    -0.962    -8.367   1.104   0.074
   14.74    +1.393    -1.846    -5.265   1.227   0.061
   14.76    -0.367    -0.263    -1.125   1.326   0.024
   14.78    +0.715    +1.095    +7.228   1.251   0.042
   14.80    -1.718    +1.215    +5.916   1.118   0.045
   14.83    -1.082    +1.919    -1.750   0.997   0.047
   14.85    -1.653    -0.142    -8.554   1.131   0.028
   14.87    -0.972    -1.275    -6.349   1.219   0.036
   14.89    +0.372    -1.515    -0.231   1.451   0.114
   14.91    +0.435    -0.596    +7.578   1.389   0.075
   14.93    -1.561    +1.848    +4.273   1.100   0.064
   14.96    -1.538    +2.739    -4.923   1.054   0.055
   14.98    -1.923    +0.714    -7.636   1.172   0.040

Logged 670 rows to disk_alpha_log.csv
